image: my_karto_map.pgm
resolution: 0.050000
origin: [-4.067251, -4.013038, 0.000000]
negate: 0
occupied_thresh: 0.65
free_thresh: 0.196

