image: turtlebot3_karto.pgm
resolution: 0.050000
origin: [-3.927193, -3.872803, 0.000000]
negate: 0
occupied_thresh: 0.65
free_thresh: 0.196

